1___________
this test was soft and not aggresive
k: tensor([[2738.6128, 1555.7081, 3970.5039,  117.5525]], device='cuda:0')
eigVals [-2.82439048e+03+0.j         -4.92263553e+00+0.j
 -1.76901957e+00+2.56291644j -1.76901957e+00-2.56291644j]
A: [[  0.           1.           0.           0.        ]
 [  0.          -1.00864553  -2.47282061   0.        ]
 [  0.           0.           0.           1.        ]
 [  0.          -3.51444437 -42.78508922   0.        ]]
B: [[0.        ]
 [1.44092219]
 [0.        ]
 [5.02063481]]
Q: [[15000     0     0     0]
 [    0   400     0     0]
 [    0     0 12000     0]
 [    0     0     0   600]]
R: [[0.002]]


2_______________________
for shahbazi 
k: tensor([[ 447.2136,  608.3345, 3400.4331,   62.5842]], device='cuda:0')
eigVals [-1.17671294e+03+0.j         -1.32562051e+01+0.j
 -9.07317012e-01+0.76702751j -9.07317012e-01-0.76702751j]
A: [[  0.           1.           0.           0.        ]
 [  0.          -1.00864553  -2.47282061   0.        ]
 [  0.           0.           0.           1.        ]
 [  0.          -3.51444437 -42.78508922   0.        ]]
B: [[0.        ]
 [1.44092219]
 [0.        ]
 [5.02063481]]
Q: [[ 100    0    0    0]
 [   0   30    0    0]
 [   0    0 5000    0]
 [   0    0    0   25]]
R: [[0.0005]]

